bins	COCO_M01	COCO_M02	COCO_M03	COCO_M04	COCO_M05
M_adhaesivum	0.12668988903459283	0.08118500776240499	0.08120788237914826	0.03950595958589675	0.09951783728408606
M_aerolatum	0.1901054709803604	0.04561750598905825	0.06418445786850006	0.02375839160086476	0.16108736900696954
M_ajmalii	0.025412280562479822	0.029197428935850415	0.03271134009706323	0.024123043784301586	0.034682109987351085
M_aminovorans	0.02731515044060163	0.031173431104441308	0.03351982931714156	0.017240675666499186	0.05243851161539932
M_aquaticum	0.01587192363359583	0.019199246103044392	0.019688826742412454	0.01586047782961395	0.021443850019635006
M_brachiatum	0.29211680842428445	0.3002091464462061	0.32953712842355254	0.1344504530822798	0.27995195893984726
M_brachythecii	0.036382964169441326	0.04139953818308877	0.052405866442845075	0.021855513054924412	0.1501537232833001
M_bullatum	0.06687745344375402	0.1200815822138993	0.06147524973406219	0.0270934434185991	0.11308426296519687
M_cerastii	0.692346263879342	0.63224364693953	0.729887295066756	0.2718812586015176	0.7109075408307637
M_crusticola	0.027052068520451996	0.033837367798175345	0.0383199327715775	0.027644874167853932	0.043702495466504405
M_currus	0.021292333832786645	0.022242349552331883	0.0265703567465254	0.019217999428028047	0.028657215142150524
M_dankookense	0.05605137463258648	0.0657020299317353	0.07790428677200585	0.02804465742347516	0.09051720979521892
M_durans	0.03291126374132248	0.03880015467619276	0.044306921759625834	0.02125604434050859	0.057391349181505145
M_extorquens	0.035995323857487715	0.03399315234808946	0.03644063188343413	0.016185240300588634	0.053080814670376536
M_frigidaeris	0.0160078134412723	0.019374924698216084	0.02285905813169545	0.014991399574977506	0.024516722763825407
M_fujisawaense	0.0565166795267644	0.051608492224540906	0.08472004387233344	0.027244707059773655	0.07479356843112007
M_gnaphalii	0.025177445411543015	0.031698486889178396	0.037407048030789876	0.01656674900612309	0.10875062940465194
M_goesingense	0.1624854572197616	0.21457738671253868	0.11339975426778812	0.04788141264902249	0.12703537996446368
M_gossipiicola	0.09821036078993868	0.059721017403536844	0.06030249820152034	0.03341602840437558	0.06755675294580471
M_gregans	0.04545363549529786	0.048427603871729424	0.05826133564324774	0.023231560273255538	0.06816156565404238
M_haplocladii	0.1447117839695345	0.24678730794411716	0.24427922903609614	0.045780875314347984	0.6055557105621571
M_hispanicum	0.04633263773438472	0.05193113344711484	0.06139161017088141	0.024605966442428916	0.07429728030290378
M_indicum	0.02019256352347152	0.023690970223419715	0.0260790605409702	0.01874923136508453	0.02954992696286605
M_iners	0.04263769596044777	0.04340364913266585	0.048166971604228774	0.023790771219668966	0.06395335929336497
M_isbiliense	0.02646751565331383	0.03179532977495461	0.03586359200789153	0.025383104734443402	0.04204502112664844
M_jeotgali	0.049384368788524605	0.05822372433786121	0.06432106107248187	0.0307712454882713	0.08583541428971218
M_komagatae	0.05762951447643822	0.024642284869785386	0.031603493180273015	0.013894429306861453	0.054292299872076163
M_longum	0.1170322107672453	0.08809394129719267	0.14465557486086023	0.045500779840268984	0.4165120331043184
M_marchantiae	0.06573005693297876	0.17229057989026894	0.07105797472375987	0.02350785252947692	0.18390970994325773
M_mesophilicum	0.4092437880592657	0.2889932228412218	0.37824787181932673	0.10917918196541698	0.24459051879989577
M_nodulans	0.016304179353779185	0.01899667180373575	0.022110930372161084	0.017078360026708837	0.024990321327404773
M_nonmethylotrophicum	0.019379362900906763	0.024350139413630203	0.027156161142645248	0.018699660800176522	0.030321634574375984
M_organophilum	0.05590600329729559	0.06090822263086142	0.05765907865952253	0.0329150946387242	0.10446224755080688
M_oryzihabitans	0.03560467738775437	0.042469158099560735	0.047411903304714974	0.032497034033784254	0.054469275525657286
M_oxalidis	0.043669881590998404	0.05357994137801146	0.057765080235670556	0.02699564785831256	0.07655090094430911
M_persicinum	0.08580930897918634	0.029321874968580994	0.04107794170567682	0.017771822051863506	0.07867508452542174
M_phyllostachyos	0.06924236323379739	0.0569867628609989	0.08810738936992335	0.038834781978392185	0.08230294498163439
M_planeticum	0.055772192788226704	0.0639436864221442	0.07753924233321477	0.031169551727717862	0.09125444417402612
M_platani	0.025338238497470775	0.029127734061894478	0.0306666249044333	0.0224755797713233	0.03817613886322252
M_podarium	0.041238296002485936	0.048148199159317756	0.04843214969041845	0.024267299143676892	0.08423651928344848
M_pseudosasicola	0.34543262456727464	0.3417360612287859	0.3661486598716166	0.1441699145264684	0.3729678141585797
M_radiodurans	0.05010799331010101	0.05735550422902344	0.06861190011363441	0.030029812110594536	0.08053475868256285
M_radiotolerans	0.07225613158798744	0.06255125661136002	0.09980896086596677	0.035233095283304657	0.09442362855498752
M_rhodesianum	0.030916444430094468	0.03202011959200472	0.03586475587479623	0.01883816230274063	0.05651570202714819
M_rhodinum	0.04617767414087984	0.053556438762912835	0.05347467857331799	0.02702211261670712	0.08903296193489743
M_salsuginis	0.0445167365325306	0.048326064991877	0.051765918644540256	0.026400073782259312	0.08150028184898192
M_segetis	0.03993883886246588	0.04496271269487591	0.05022530694287795	0.020987159957721595	0.06965836655063147
M_soli	0.0425102039741913	0.05228616403523088	0.055618070905493186	0.02273355951171342	0.06623065531813761
M_sp_001	0.13149032053439913	0.09482665691163851	0.11067689128527036	0.04710297067848686	0.09906017049246676
M_sp_002	0.18343849109811242	0.15528092697156826	0.1315447190534015	0.06669423594658573	0.1462323281668084
M_sp_003	0.23696626990968167	0.6988082772737914	0.2136461053514103	0.05698238457057514	0.23484976889616388
M_sp_004	0.24397724204988783	0.36108157998052137	0.24331209480966157	0.07348612806662541	0.8198850555490521
M_sp_005	0.18541079198655555	0.12472280098172284	0.12315778519368253	0.05405796013326084	0.15943857499223532
M_sp_006	0.2525409414098929	0.22737445312353305	0.2785228545856257	0.04506919278216948	0.31727656301831997
M_sp_007	0.15292856299545507	0.10464330424997155	0.09869970462820062	0.05143915309023571	0.13545238047121216
M_sp_008	0.34724669079848786	0.31844613874212185	0.3221300441173591	0.06171795178137673	0.5078678820750703
M_sp_009	0.10257180849814165	0.07171442936148818	0.07649436386104885	0.03402620957321342	0.09658805674198748
M_sp_010	0.3685344985687646	0.22828314839512368	0.2100895494139344	0.09737554267370327	0.7854566381886766
M_sp_011	0.3063370913064331	0.3636146804632183	0.21493098997462443	0.07685798374826604	0.6755684964003192
M_sp_012	0.06337144772467722	0.10488502459672806	0.06026168269317614	0.022810429574680324	0.11249545898839307
M_sp_013	0.05876259952664087	0.15495684097409687	0.06922250301556906	0.026876775069952414	0.1663548024129697
M_sp_014	0.103787755345487	0.16078113213173992	0.0918071526827995	0.04339644911522509	0.16747387102922912
M_sp_015	0.06549691905738979	0.10383451839769495	0.0613672950889267	0.02946125693862575	0.10588953355959428
M_sp_016	0.04410639003899033	0.06883903859061669	0.04474101978174468	0.017130100982676835	0.0794738945828337
M_sp_017	0.07980244655371957	0.07794951352093626	0.07458964197420613	0.037855884083309733	0.09048340056516925
M_sp_018	0.9746982773574415	0.977660274172549	0.9780469263845466	0.9537086885659337	0.9616856598406044
M_sp_019	0.07429480788104148	0.05720722728570144	0.09537327030376966	0.045412409629603565	0.09182938225553561
M_sp_020	0.10733400806570212	0.0820962575668266	0.11871383974528354	0.05646215660087926	0.12276522302634804
M_sp_021	0.921111257546525	0.8037392883094847	0.9326592503130957	0.40057829985603716	0.9480502364691877
M_sp_022	0.8268153764330903	0.8635410445818958	0.9307594506666833	0.8749476402007004	0.5575658945303283
M_sp_023	0.3290378923549831	0.45837784690406685	0.5807778444518368	0.43334510306445556	0.2712862691027626
M_sp_024	0.9239464474550569	0.8954893752868174	0.9764198008739201	0.780114367804625	0.9461564676070952
M_sp_025	0.18137560582886586	0.33701741637059157	0.8196315326740262	0.1276177140426351	0.3901664270315803
M_sp_026	0.9332986157636525	0.629629133921859	0.741448200225066	0.7704141515059937	0.8609950690201813
M_sp_027	0.3516894814621179	0.4200135322525231	0.7043081859759426	0.283369829360715	0.23352467106839286
M_sp_028	0.06372858064359763	0.056686886467081185	0.10576601584275336	0.03219535755407091	0.09059882944555035
M_sp_029	0.7449163477880419	0.8779009838714079	0.9368355732103661	0.45396229902580765	0.9484068682694197
M_sp_030	0.9435172111137301	0.7064996690077423	0.7641737398191264	0.3214308861402756	0.896006843623651
M_sp_031	0.04947090446396834	0.044378595852167815	0.07996011336862734	0.025191804995894948	0.06944756386422188
M_sp_032	0.1878018171170236	0.17833835023198275	0.2049538226886272	0.07529557289985032	0.17460880069096557
M_sp_033	0.25079387977205986	0.06778191137472966	0.08411556740661934	0.038038796706295855	0.1521705892009811
M_sp_034	0.5448052005290362	0.1841045379306803	0.34719191897513213	0.09808498382499646	0.5395430068068768
M_sp_035	0.03849812660163213	0.04199094623357421	0.04373267084547826	0.0206092366065145	0.07068059812095986
M_sp_036	0.04978198654061642	0.12035375783209983	0.05536171096613586	0.027565042359124728	0.07679872020802316
M_sp_037	0.02726077695834941	0.029203890051356592	0.030673270480386254	0.016321340810561	0.0492007048612401
M_sp_038	0.061224233643653266	0.06405333295081261	0.06421452957124209	0.03172076944042001	0.09455571414226902
M_sp_039	0.019261047567081562	0.021898668149170037	0.02441103092323584	0.011794137934584538	0.03815987700712768
M_sp_040	0.040112651686685576	0.038140229168207064	0.0392834269716099	0.020800270609797174	0.05939538570290145
M_sp_041	0.03685777375870118	0.039789867720973274	0.04290954974658787	0.022353262812559147	0.0625578431578726
M_sp_042	0.016829715858010366	0.020309054928828337	0.023186448974871217	0.016160394949094898	0.025722929116131953
M_sp_043	0.020048045244515814	0.02409400079448744	0.027161138039823108	0.020099095418430305	0.03000986002011744
M_sp_044	0.02311237200345094	0.028673165719381805	0.032322113473848155	0.02520335658731877	0.03554635017981718
M_sp_045	0.017345259187967497	0.019244687961630088	0.023342601701851262	0.01685685348316734	0.027212926822611023
M_suomiense	0.024409529825827996	0.028446349607436153	0.02957585055500406	0.01513040339319556	0.048448154498691456
M_symbioticum	0.04641638932610726	0.05160861910801749	0.06317328042959015	0.023642360870661565	0.07182239106737776
M_tardum	0.055586728656882696	0.06893307168316544	0.13601109707391132	0.028404431548019967	0.08451353821172547
M_tarhaniae	0.01631654513281161	0.019234592774725456	0.022509319135271006	0.01583560123560256	0.025796095452527087
M_terrae	0.023649691320463004	0.029652253183749595	0.03281060807418564	0.02480551550277784	0.037840706884739846
M_terricola	0.019586365687604523	0.022033502415701303	0.026925870694600968	0.01718685839185509	0.030046297078359815
M_thiocyanatum	0.03892393858297414	0.04141975111288312	0.043213221001823045	0.02238076032523183	0.06736847360325197
M_thuringiense	0.1866943117089683	0.22800872428934596	0.2628364221237374	0.05977068577604372	0.6155282239426855
M_trifolii	0.1368305966478023	0.16342196088457114	0.2558084358864111	0.05667243830352612	0.4084866303324695
M_variabile	0.021720313993287808	0.02634872508349948	0.030459741933915315	0.020820200994276564	0.03276479610255169
M_zatmanii	0.03602832950690695	0.035808831570824054	0.03910766566645302	0.020205575826217813	0.06014590633455999
