bins	COCO_M01	COCO_M02	COCO_M03	COCO_M04	COCO_M05
M_adhaesivum	0.6821388151461603	0.29675710620278367	0.3739987010638193	0.09865138100688504	0.36991290970683294
M_aerolatum	0.6495599823275372	0.15345376713557465	0.21782868576946457	0.08350648724948208	0.5201149325135388
M_ajmalii	0.08401830652715812	0.11037012633038545	0.13017017819623283	0.08683943815526941	0.11519153316503396
M_aminovorans	0.08864325314835804	0.09397023413687651	0.11836525677870481	0.0474551248801696	0.16753987700036968
M_aquaticum	0.05715339584740781	0.07305447902924321	0.0756781570729482	0.058318278921707156	0.06385968316379463
M_brachiatum	1.5402762676437245	2.6120518766472904	2.852292826477224	0.38123095594548345	1.0667869480881769
M_brachythecii	0.12469038115609522	0.15852983969517864	0.20711434682856758	0.08461251194752517	0.8348473952084184
M_bullatum	0.31242584573950344	0.3781031276249918	0.30147029197016095	0.0849475211282758	0.390987996034607
M_cerastii	6.176760536719851	5.787016403567245	10.508328718639257	0.8363447614438227	7.7637338491893235
M_crusticola	0.10761881913329482	0.1624271390526636	0.18445650993884305	0.12914585324206923	0.1659842409929863
M_currus	0.06435627009729333	0.07134568990727727	0.09092159142481054	0.061208745877250684	0.08223910880830354
M_dankookense	0.19467351957039303	0.25996032398012064	0.3924371311922134	0.09794697846900977	0.35441142922090174
M_durans	0.11858684884084925	0.15656795624873404	0.20779067155247022	0.09968689119266393	0.2145865542195297
M_extorquens	0.09174961964293384	0.10017993579530265	0.11987554889888732	0.03983816719250681	0.1598010794188167
M_frigidaeris	0.050150219048082915	0.06253521560022252	0.07984309030830794	0.05094604675247438	0.07095273739608354
M_fujisawaense	0.1930106668810683	0.18432755088938677	0.29705775763895803	0.07312780577132386	0.2301053488006509
M_gnaphalii	0.12381772147435272	0.14852354629301387	0.191411635784648	0.07595022524238507	0.5366790480190361
M_goesingense	0.786681456591371	0.7860052618337832	0.4800159797175317	0.13123689837507044	0.45291382388041684
M_gossipiicola	0.5297798395678787	0.1914797923819606	0.21984615401616256	0.1017449949222648	0.2049665665117009
M_gregans	0.14411769979456918	0.16206508715360204	0.23405395722840214	0.07256646472903795	0.22285352996851082
M_haplocladii	0.44521298880340454	0.7740269785024588	0.8721645417424486	0.13028254387029278	8.874431242928726
M_hispanicum	0.1554559077084792	0.19221868078147225	0.2764326471986231	0.08594205508788576	0.2783339208985279
M_indicum	0.061510103087692516	0.08462003675519178	0.0980870744453285	0.06622930383716795	0.08593611383568173
M_iners	0.16496509444572033	0.16596925923647807	0.2178966623804347	0.10170889994274913	0.2537508775978078
M_isbiliense	0.10530433289579169	0.1475640845972482	0.17683815898582908	0.12498825580106052	0.1607954756540425
M_jeotgali	0.17001009981414908	0.23102719415323014	0.28897824144834566	0.11983438457509024	0.354678160362804
M_komagatae	0.1684252937713869	0.09745946064810987	0.12129193076665432	0.05298343859774106	0.16300756766069488
M_longum	0.298001581296255	0.25242377643625025	0.43437742320559863	0.11247951454144083	1.1859575777853755
M_marchantiae	0.33982775124594394	0.5976419764938812	0.30322017747589974	0.07730541072427391	0.6643179907649425
M_mesophilicum	1.7251162500358164	1.9562743978398234	2.413721870424872	0.315532376044306	0.9952198653846416
M_nodulans	0.06922813406279564	0.0860726446885187	0.10342128348588792	0.07102403410694079	0.0944880553527302
M_nonmethylotrophicum	0.05878344177750718	0.08487491080745493	0.10691089632825512	0.06701482192392343	0.088864760861826
M_organophilum	0.1838684172981199	0.21322068894454838	0.22806723788085348	0.10242600900415333	0.4033450508861482
M_oryzihabitans	0.14498644813499917	0.19945684048494425	0.23445332727482748	0.15373724506890168	0.22181933229224038
M_oxalidis	0.1821262544589356	0.2085974015638177	0.2757761676254547	0.12000423819621601	0.3056631218917697
M_persicinum	0.30611851561541126	0.2270048454981712	0.28946554210184555	0.08322503064123604	0.27983923334024474
M_phyllostachyos	0.21636426388094124	0.20703815066418443	0.3285381358679551	0.10967879547388333	0.27857658943921626
M_planeticum	0.1848286237994986	0.22770050053866198	0.316711966465101	0.09613014345598034	0.33812586479499357
M_platani	0.08779607881102922	0.11228977105279268	0.13674060954827025	0.08667647130009154	0.12691969834379524
M_podarium	0.12100481131062697	0.1466090363435926	0.16935243619178755	0.07041992038442185	0.27728439145627753
M_pseudosasicola	1.7712456340335094	2.6140018877249234	2.79729352077352	0.40040205823664987	1.475638604544418
M_radiodurans	0.17483706232924376	0.2209816605426833	0.31220310865489886	0.10698675649110646	0.2913541268968779
M_radiotolerans	0.21988705789587354	0.21472943611567288	0.3412199544578938	0.10349030527125963	0.28527795614216905
M_rhodesianum	0.10182575090443906	0.0919298223687077	0.12831239249452286	0.05748015927778886	0.17607038524304028
M_rhodinum	0.1452018422309507	0.1915548753305091	0.23210330492444212	0.08638296990744081	0.3560981817791683
M_salsuginis	0.16981471599183512	0.16572494732589085	0.20727912328343076	0.08301875380486734	0.28762007696421316
M_segetis	0.11593645917988345	0.1396989006683097	0.1897273931050094	0.0632646709186241	0.23648077754444982
M_soli	0.15086072881984372	0.1833485882152089	0.23865198487698447	0.06964153158512637	0.2448099432247642
M_sp_001	0.9483852639403179	0.44485866559776466	0.6895959122280965	0.24153229180246846	0.506087682396001
M_sp_002	1.3393945841085149	0.5960393268516085	0.6302718151740819	0.20491073382501385	0.5996463621602408
M_sp_003	1.0686248641232845	3.041225403819247	0.7902693217143241	0.16159157682319786	0.8061607727778373
M_sp_004	1.521568409627175	1.1955082951286775	0.9506072927691069	0.19641533219137447	4.76511980613775
M_sp_005	0.8954158825652411	0.4008366745497837	0.4539234190975404	0.15046937389907933	0.5649016576284908
M_sp_006	0.9538141699682671	0.664112033785856	0.8373807277290622	0.12219109694500253	1.1039816362168353
M_sp_007	1.0290696054228432	0.40326621433760457	0.4299717817290684	0.14668480521096694	0.5071024313662089
M_sp_008	1.2218105019373517	0.9583913886239468	0.9795418283790377	0.15350611333698014	2.03523914517572
M_sp_009	0.562614003185746	0.2813962776579599	0.3957623001273359	0.10866757822227861	0.3740725391522533
M_sp_010	1.2352935243016583	0.6210017474129925	0.6052046057757061	0.21846403718424423	3.8463620871535067
M_sp_011	1.619705636443011	1.128411215194691	0.7508819454549994	0.20373671915429675	3.662406477617055
M_sp_012	0.3320829243914041	0.3589237651960814	0.27463195226368176	0.06427041749207707	0.39162808061223875
M_sp_013	0.30004328014170334	0.523814260238626	0.2627329683853463	0.08217010360438477	0.5553616035474711
M_sp_014	0.6822519178252245	0.7852863942155075	0.6267541402047417	0.1266234437010663	0.905519632231716
M_sp_015	0.37523536075586805	0.3913181613913763	0.43149292827440877	0.07863940888712945	0.4904329289528124
M_sp_016	0.18802216490569168	0.19888779534981937	0.17095843043206105	0.046559122755416786	0.24930051207795048
M_sp_017	0.4356762083667847	0.35520219138837145	0.4407469801768925	0.13797103608529865	0.4071285192376991
M_sp_018	61.221083995923884	65.474520769659	81.74404450437065	17.464157735408012	36.973306976510926
M_sp_019	0.21655769433789632	0.19057152799771654	0.3109335960868494	0.11221905510394795	0.27155779208846037
M_sp_020	0.439589582977136	0.36127763543169916	0.5574207508300643	0.15570206640275186	0.5046403792051708
M_sp_021	7.142861669666192	3.892647525877658	6.876268604799384	1.0343387684877712	15.59800425334863
M_sp_022	4.160354892297678	4.918798510297003	7.262156299275887	4.749048492522175	2.0602493599009404
M_sp_023	1.1169772119224506	1.4667116339486144	2.1306054804130317	1.2355850108606057	1.02554099771023
M_sp_024	10.797965322532374	15.741934036991958	24.83310951934396	3.73031273568906	9.807391368542868
M_sp_025	0.5213393271378061	1.0093968178535826	5.400202827099037	0.3072363608271816	1.1568498626804564
M_sp_026	7.674791683175003	4.106381315417688	5.2936581677062415	3.17804090396886	4.980993955705593
M_sp_027	1.1654318656426728	1.3212723899161312	2.8561645976856926	0.7147230247647762	1.1071410673701636
M_sp_028	0.17744911638995237	0.20068602094710195	0.324887261934554	0.08733940501633654	0.26303353656310896
M_sp_029	4.165345546029108	7.4813565873883725	10.717334659655332	1.341587567027832	8.925321568507432
M_sp_030	18.152540998380992	4.639427062558988	5.228047055394207	0.8856735329691182	6.339606117601082
M_sp_031	0.13995772268725168	0.13617824417035493	0.25317646059622334	0.06144381426922218	0.19259344890390404
M_sp_032	0.8745993775633578	1.0643770220461326	1.3072111799429924	0.21087492703453856	0.7401208233102985
M_sp_033	0.7857289099212713	0.30922880304381	0.4370696491676894	0.12666669672008285	0.5337304516615219
M_sp_034	1.9507140494689517	0.5993115706942125	1.131672308723541	0.2635690094520581	1.883256945517008
M_sp_035	0.11910667214054675	0.13052021968141003	0.16643172320439067	0.060513119645080174	0.23597537847176062
M_sp_036	0.20389602943248153	0.37142939595291985	0.23675354169823049	0.07176768418938217	0.2535401793698475
M_sp_037	0.09509557961081096	0.10007087599716497	0.11621383144900772	0.042692581706930875	0.16128169696336628
M_sp_038	0.277030647081606	0.2538079339577984	0.2997236885516331	0.10528470299657165	0.3547114598424971
M_sp_039	0.04705283820466096	0.06358806996592302	0.07271987892889131	0.03111953026606131	0.10861430547119243
M_sp_040	0.17122909926871774	0.259344271312754	0.2565311938871333	0.06872081505842079	0.202838045251416
M_sp_041	0.13461016592710984	0.12387642741477571	0.17032407310046055	0.06425522071039516	0.19137616453912643
M_sp_042	0.05250195168167383	0.07160617518133325	0.08619769375441692	0.0527278827901685	0.0746515382479177
M_sp_043	0.05556352896096236	0.07149790839489541	0.09478763968298148	0.06049170488169581	0.08424791859728795
M_sp_044	0.10330495248496677	0.15664586840549177	0.17508215367017685	0.1344945893285856	0.14088451310419703
M_sp_045	0.05327577952068993	0.06599555714313782	0.08121089804016662	0.05072615405956255	0.07624337425049701
M_suomiense	0.06672628824113347	0.084917787203321	0.1030684956231387	0.04475245916433535	0.15521830159732877
M_symbioticum	0.14770665003802141	0.18987941216576645	0.26418655971434346	0.07617606077109695	0.24437463206079346
M_tardum	0.1547494238477866	0.19408461882934608	0.3829423993417484	0.07010831297534834	0.2347447636592674
M_tarhaniae	0.09872152971790449	0.12198924300364451	0.1254646011434204	0.09661444416260935	0.12895261173774233
M_terrae	0.07390443347739352	0.11348772015911203	0.12783564741569525	0.091295993218559	0.1190729326194906
M_terricola	0.07044253331170745	0.07605797987954961	0.09442465106360333	0.06282576150253967	0.0898902020923165
M_thiocyanatum	0.1263045612777712	0.12270924399516703	0.16256035009079334	0.06566339493762777	0.21241556458312424
M_thuringiense	0.6618341654318303	0.916935087820661	1.2399857172473796	0.17287164894846313	11.126628369744015
M_trifolii	0.6148249722070507	0.8647728725320442	1.6278692588675971	0.1814544524885826	1.7649558992713792
M_variabile	0.07111616607043855	0.11219956338373101	0.1405360493890227	0.08227934289838844	0.10548299940598005
M_zatmanii	0.11661763324518054	0.11665813813672483	0.1347566880808956	0.0589060708924327	0.20066914080831175
