bins	ACSA_M21	ACSA_M22	ACSA_M23	ACSA_M24	ACSA_M25
M_adhaesivum	0.06714961324795186	0.03472366821629724	0.02370622664170269	0.04391584364365708	0.06183714384542403
M_aerolatum	0.09977970926543445	0.06309622779025534	0.03304627540544668	0.07461059589207497	0.09732196582572122
M_ajmalii	0.10655653112744709	0.08450349035983255	0.04501730625724402	0.08044075385421463	0.09631051236047822
M_aminovorans	0.06303913096563193	0.03746498225891969	0.024816852747763376	0.049567831584965236	0.06401216821521159
M_aquaticum	0.05900093937348394	0.04691008258147573	0.02531062413151556	0.04397791286854467	0.05535572332439562
M_brachiatum	0.1955838693969645	0.06979172269695597	0.043276388945193034	0.11764412672959094	0.1997726346726288
M_brachythecii	0.12246171707890635	0.06722523465216756	0.04557604172251422	0.08495249645502831	0.10788305568240011
M_bullatum	0.08065570109101484	0.05413820912232648	0.029116227452554055	0.056403563617785035	0.06735789021784505
M_cerastii	0.9715418744516184	0.21280804010849602	0.09396030571296653	0.4276032441917951	0.9197343866217915
M_crusticola	0.15976574593928802	0.1362424994605375	0.06548646116607001	0.12368622447270052	0.1566790821229492
M_currus	0.0743245921471995	0.053016635604156676	0.03203456105025929	0.05326814832795038	0.06723368927720434
M_dankookense	0.1289394114316634	0.07315068729593904	0.0476729377661616	0.09269543403360982	0.1170199964469722
M_durans	0.12983445964608614	0.07970081205001196	0.05419824332038227	0.09993216344117702	0.12895693004585043
M_extorquens	0.055481754863075536	0.027110881698460657	0.0207733663016948	0.041736809076510846	0.048786621359664044
M_frigidaeris	0.055619499765442955	0.05010266677262322	0.023868806989030933	0.04735206884441562	0.05493313201588323
M_fujisawaense	0.09016343524210783	0.0493818753022523	0.028027113006058847	0.06243287448984612	0.09269875451053428
M_gnaphalii	0.1168882359941592	0.060089123069047394	0.04083075747052686	0.0775814825845648	0.1052553478144153
M_goesingense	0.09830113331516149	0.05082446269043403	0.03173691131031809	0.0662475896384542	0.08230491865603902
M_gossipiicola	0.07071809894898064	0.04834247030989103	0.025818985093891137	0.05290458609551447	0.06489378748213952
M_gregans	0.09080386796931263	0.05425455560810812	0.029693378707646757	0.06953835773371912	0.09082092772703274
M_haplocladii	0.20854559324523048	0.08928964223539129	0.04840207299340169	0.10209845053238278	0.17997564161377877
M_hispanicum	0.10830835240851323	0.06741035417767881	0.035424538798938504	0.07951434764991226	0.11193485594722055
M_indicum	0.06799552201409967	0.059666012400405886	0.027234960831868344	0.057388874582365135	0.06821932634264
M_iners	0.13689888872187184	0.07818654899607179	0.04973654777680681	0.09837593906150081	0.13227987626826304
M_isbiliense	0.14997905050070093	0.11442127384717868	0.05990151081678376	0.11663140657706697	0.14049404097552803
M_jeotgali	0.16731001406439483	0.09241621459683264	0.05802571954448582	0.1252143743855797	0.1772743866560466
M_komagatae	0.06443188569253973	0.04353753834852675	0.025476088747409583	0.04579015366307599	0.055860679877284714
M_longum	0.7050007200164888	0.06380990103350527	0.08681480841015793	0.1571875151271963	0.21704767666053612
M_marchantiae	0.07410692633647085	0.04710282415400749	0.030746755843101544	0.05721145646439939	0.06983744053634156
M_mesophilicum	0.18073605920565206	0.07251130094978463	0.05307967084320844	0.1573366461864667	0.22344498521632467
M_nodulans	0.09251883296590958	0.06745995201731594	0.03683473126325514	0.06762003760144504	0.08159635760607904
M_nonmethylotrophicum	0.08742823096642581	0.06298960131123894	0.03520826235811554	0.06513737311929506	0.08474619772882708
M_organophilum	0.1583512333153673	0.07905939887765132	0.049529976855521386	0.11401588408737834	0.15647232966614882
M_oryzihabitans	0.17684529686146847	0.1385533806909377	0.0726881896788843	0.14301365780376185	0.1825608844737811
M_oxalidis	0.15457190622463496	0.09966680937817575	0.0577134611791934	0.12468351365643666	0.1683812024171782
M_persicinum	0.07566246437677689	0.04712917085507687	0.028038177434050442	0.05701764453358642	0.07405438043999317
M_phyllostachyos	0.17585335174494093	0.08313685381624679	0.05037600709953008	0.09506776839279367	0.13471601048437534
M_planeticum	0.13835034983244465	0.07554559735315292	0.04261080013002772	0.10168134017056778	0.13908354281298985
M_platani	0.09419324619263685	0.08375600984639565	0.03929175997915685	0.07742020447358942	0.09128033041519727
M_podarium	0.1018480557124149	0.05025188581830298	0.032738269871490214	0.07385543880356642	0.11563239179362211
M_pseudosasicola	0.2649391690066012	0.06752056929179052	0.043396490748292584	0.1667931042089312	0.24347341970237288
M_radiodurans	0.13122004009245997	0.08457162352801012	0.05103530067991108	0.09989900165983867	0.12285712480560752
M_radiotolerans	0.12144566473066816	0.07384459734661428	0.041712626701125216	0.08864404249243743	0.13697273996211107
M_rhodesianum	0.07748986981389412	0.040052923636892605	0.023296780820146256	0.05311996539341298	0.07900928923701467
M_rhodinum	0.11700900508947931	0.06521041040285576	0.036836849946374935	0.08497029441437322	0.13206490353222516
M_salsuginis	0.09526908829508696	0.05626385647923005	0.03594649884583734	0.07507344884915267	0.10160463265432242
M_segetis	0.08814836411149264	0.052855529556381176	0.028476856297473218	0.0669882079636271	0.0978171677407593
M_soli	0.11628206063495908	0.0537309279505787	0.03904623018902265	0.07796204806002276	0.11399179771199335
M_sp_001	0.13988360123987445	0.10109315987025294	0.05135243995695853	0.1108300270663115	0.1526740387178624
M_sp_002	0.12428746921272303	0.0665968864247073	0.041011233860047895	0.09357212490650225	0.12938143996036933
M_sp_003	0.135101106794108	0.06535111995078495	0.03560396406140266	0.08220945066790551	0.11620122275433671
M_sp_004	0.14425253854907516	0.061663787879149855	0.04116347611004534	0.08331959638045228	0.1171385807696994
M_sp_005	0.1129349611644603	0.06425844117181136	0.04119846191657369	0.08330855811019362	0.10750984148352627
M_sp_006	0.10336336850867804	0.08008825913338466	0.03536096193927559	0.06794861864793987	0.10991004312422155
M_sp_007	0.06588269580746481	0.041309293734863126	0.024008398472192823	0.04969436411035865	0.07393931529477084
M_sp_008	0.11084581380564468	0.0643144068091214	0.03179738380584046	0.07031746038088532	0.1210614138732532
M_sp_009	0.0857194946034968	0.056303501031373486	0.030103325298487475	0.062344013569961894	0.08856636735691162
M_sp_010	0.23713667087747714	0.09561345786768666	0.03782650287054032	0.09931717379790164	0.12289386116649721
M_sp_011	0.10518679505714455	0.06626516657725945	0.0390942719397117	0.0774413550401988	0.1383020494199438
M_sp_012	0.06572334049859806	0.033379496103260096	0.022346594090764033	0.04556124896384652	0.05051391205390206
M_sp_013	0.07680285155897472	0.04777042960953338	0.03365711623922793	0.05443908700551795	0.07129090364605718
M_sp_014	0.13637510956498994	0.0534941238672296	0.028793293104560257	0.0733846046884384	0.09561684348271779
M_sp_015	0.06792484552096657	0.033128639440489785	0.016341099650116497	0.04329900512742506	0.05410879782034397
M_sp_016	0.04142024329358884	0.026201007564273703	0.01460214031991674	0.028840207546173745	0.03857195109994947
M_sp_017	0.13811665894050285	0.08390928032691321	0.053390409714054156	0.10718649912334592	0.14224278942486376
M_sp_018	7.580746229781424	3.667589646780352	0.8928216605768794	7.584802033528193	9.304977100158741
M_sp_019	0.11142625892951402	0.0714902268986092	0.03551676813175212	0.07667679362509922	0.14371413043053258
M_sp_020	0.22694128034950578	0.07884803695923269	0.048793851127655934	0.12350247674205894	0.1859681771824085
M_sp_021	5.1895043257261335	0.44281637071109275	0.553158431835155	1.9668397245189777	2.9631917542938586
M_sp_022	0.7580444438022336	1.9934153498652643	0.3333595508625266	1.3050267213545717	3.775757860373759
M_sp_023	0.7690654682657347	0.6573875546697685	0.3271661693845793	0.5277089588283712	1.8021497007622493
M_sp_024	0.6077739779325206	0.4047306610267563	0.15914874598455675	1.360098485604262	3.0461254214968374
M_sp_025	0.3260805462337689	0.1406973773702133	0.11225660284029336	0.340411957202968	0.9867742566088377
M_sp_026	0.4440321395062267	0.4856469871076041	0.11930914875388614	0.5630372560384769	2.9288950915450296
M_sp_027	0.5973733857007733	0.3304425568133886	0.19929517292581783	0.5808578794580124	1.080578641254393
M_sp_028	0.1025614894419119	0.06073240394086081	0.03332237319504481	0.08410261142328687	0.1170862521028427
M_sp_029	0.8015823897888081	0.3035479766780006	0.22774861413874728	1.3283714356918015	1.146738844474624
M_sp_030	1.469374429469629	0.15636248376074274	0.13640266715592686	0.5465468946541768	0.9771955524185006
M_sp_031	0.0779528847030994	0.04152063063658183	0.022366082522546328	0.05746616084881771	0.08382216476198565
M_sp_032	0.17216931080265116	0.05029606318948475	0.036263894130603276	0.1198958258095798	0.15842111112227217
M_sp_033	0.1278092900368793	0.06697704332237511	0.043133038584454046	0.10196804795924155	0.13711664519725747
M_sp_034	0.20940219747032987	0.10657892064187995	0.06111721540827656	0.7454896440502776	0.6538947821864558
M_sp_035	0.09250896386907276	0.04569381918118641	0.028941676822822567	0.061266851849357415	0.09278207222281112
M_sp_036	0.06327250676177772	0.03575549837045239	0.021515610280104482	0.04979831429251661	0.06847251602682763
M_sp_037	0.04782474686749793	0.023001228836048406	0.01553295108599903	0.03558806296672139	0.0532265129928907
M_sp_038	0.13023808328432288	0.07620368510894668	0.04891501585070217	0.09105582889848378	0.12050568043263093
M_sp_039	0.04283559655317966	0.02178593612194963	0.01548461044821705	0.031623821632881376	0.044386219582085044
M_sp_040	0.06774889153926468	0.03745745378898365	0.023625135420986477	0.05033177918440579	0.06548035560756293
M_sp_041	0.07682799520514816	0.05082828962587538	0.02865925006834767	0.06323282370507455	0.0804991693129482
M_sp_042	0.06394576577533706	0.05314841051413448	0.02503612544286868	0.05153569274445107	0.06493165920175042
M_sp_043	0.0756904421388311	0.05496422437437935	0.032566495526308185	0.05624231286022661	0.07053422172863531
M_sp_044	0.16921116320549565	0.13682959535480368	0.07930477153686333	0.13782364668590316	0.1502135510742178
M_sp_045	0.05563091296924165	0.04729676540663533	0.02431216086691485	0.04696263472197993	0.057754502028584655
M_suomiense	0.0584586228679722	0.03181860842884216	0.01943940077610324	0.04248064254128689	0.0626212435700749
M_symbioticum	0.09550357111780651	0.05925681996240132	0.03474135652307792	0.0663898442446207	0.0955381136082773
M_tardum	0.10204094412506781	0.04670280739950558	0.03347864869096032	0.07125894264691426	0.1111374864836329
M_tarhaniae	0.08905625944038796	0.08796483461133166	0.04511292918180192	0.06839675928464227	0.11280687474130249
M_terrae	0.10331912852511771	0.08634962391496458	0.045096615088641316	0.0845168239515719	0.09939503808556702
M_terricola	0.07013732390922567	0.057135250949318095	0.029562890092989163	0.05548587546008444	0.07187713181400948
M_thiocyanatum	0.08656048207923513	0.04965483825688404	0.0313164804153601	0.06562133644452203	0.08589883017549847
M_thuringiense	0.22047650525428567	0.09884412512405008	0.049331786389157	0.11660134211993094	0.21092571099389607
M_trifolii	0.24161485751029405	0.107725665190832	0.06534015858443827	0.1514549173183968	0.23527109262121407
M_variabile	0.0923726282056623	0.07388315986922	0.036935774956998776	0.07251441444234721	0.09583662908091634
M_zatmanii	0.07406647315615465	0.038112402617078905	0.02782840353441826	0.05728433218717349	0.07503589022711478
