bins	THOC_M06	THOC_M07	THOC_M08	THOC_M09	THOC_M10
M_adhaesivum	0.020830438375996276	0.0245102587311557	0.0239435240677311	0.03436579804407062	0.03345508900363728
M_aerolatum	0.028786432796974768	0.038483325457264725	0.058257622274683785	0.13661879862105586	0.09810779587280337
M_ajmalii	0.028916929965228714	0.032349602273629395	0.03235873172125812	0.03846090744063213	0.04038311925440198
M_aminovorans	0.02281015392988679	0.026705520419980894	0.02892592842841953	0.0339521586067651	0.03223655812373491
M_aquaticum	0.017496955279881248	0.01991883289861988	0.020196257385609408	0.022585296447685727	0.023323959583231024
M_brachiatum	0.04258217859014884	0.07144151731259041	0.10112157325323125	0.1752790446428839	0.15569461495617137
M_brachythecii	0.028288781620500383	0.030852438589258412	0.03789080193083099	0.039232991993078295	0.036450258547217916
M_bullatum	0.018646223662646257	0.021184214267029173	0.022034438051574245	0.026868257855263974	0.027835267249858416
M_cerastii	0.11867737424154472	0.5692948277321093	0.39932290189778985	0.5804602841859754	0.603438491447846
M_crusticola	0.036061025608721466	0.043835987310233165	0.04277810465706937	0.05451104591395673	0.05238402225936286
M_currus	0.02442643026880745	0.025761461872517395	0.02585894241998364	0.030641170231377503	0.031952574099741324
M_dankookense	0.03798971575940433	0.04499025522691586	0.0523123909320608	0.05725113214088162	0.05810226304422836
M_durans	0.029477599572799086	0.034701088257499034	0.03545914891266319	0.042917929548676965	0.04082597086931703
M_extorquens	0.021610257989621236	0.025277394894160553	0.026025126999334243	0.034289861069447966	0.031098731827407296
M_frigidaeris	0.019130626485207525	0.022483254164989735	0.022154233434248403	0.02699636244318721	0.02736114351046022
M_fujisawaense	0.031055186019413747	0.05138379051680793	0.07217649854138891	0.1056198527108806	0.07647973124595747
M_gnaphalii	0.021794454438659204	0.024375459525739003	0.02661539498067237	0.03095631936962776	0.02950409734819935
M_goesingense	0.020716642714587324	0.031645052305267346	0.031330294612450606	0.04704324609477375	0.04597505709318365
M_gossipiicola	0.018722311424848967	0.02113487105646729	0.021936921157524717	0.02769669731725402	0.028888169374239582
M_gregans	0.0301498142662398	0.03564514520203888	0.03965679945366996	0.04438809695443287	0.04588865931716057
M_haplocladii	0.043285773703194946	0.04271585408240886	0.09793338710260002	0.09408259054530385	0.062145895529732174
M_hispanicum	0.03341207158334601	0.03972196505273567	0.04337570272722034	0.05116526741890058	0.05081889736056085
M_indicum	0.02425902802761435	0.025568299177321247	0.026252849192128103	0.031287655196985	0.03244592964978421
M_iners	0.031632646747637994	0.038658342665866444	0.035866771826753734	0.045958464192007664	0.04299055488202792
M_isbiliense	0.03298559985495287	0.038882012506011955	0.03950483158137378	0.04820306942797468	0.04702585244237023
M_jeotgali	0.044833622155727296	0.05389026722350189	0.05536577293178051	0.06506397146937047	0.062217680594722984
M_komagatae	0.014772213249521627	0.01939702603892454	0.025281086227642635	0.048563805533237386	0.03579195829962891
M_longum	0.04508368783616626	0.1260692549305907	0.40826061369760586	0.6499153485899702	0.19337557430067828
M_marchantiae	0.019668110922112278	0.022505116079692734	0.023505902101975718	0.02770473908372817	0.028780291493557195
M_mesophilicum	0.04212801694085029	0.08258323407053866	0.10383144154137723	0.16206442053041126	0.1358863314790634
M_nodulans	0.021854340898800794	0.02482050616007065	0.025093273893876493	0.029122792091704264	0.028544786968513033
M_nonmethylotrophicum	0.02469605581244257	0.02905020984828712	0.028823940428318307	0.03541499497150691	0.036149987511766776
M_organophilum	0.04450913097238515	0.054875796582226306	0.05332127231222853	0.06730862211090327	0.06172541295456707
M_oryzihabitans	0.0424078923100585	0.04910197754481178	0.047057072273847866	0.057378602795379284	0.05761680546133459
M_oxalidis	0.038299422170208965	0.04717358497863083	0.050761828554735135	0.05934289740161176	0.05470117760167636
M_persicinum	0.019093080117181267	0.023028209665918047	0.03455758532073753	0.06427858835384524	0.04686833383572124
M_phyllostachyos	0.041044407640440324	0.05565127847733833	0.08451040939670287	0.10926666229983943	0.08220485761871148
M_planeticum	0.04049904096043515	0.05106311280245487	0.057023284153126366	0.0647264056694811	0.05964375126581309
M_platani	0.026975650245092107	0.03165567797901163	0.031298468512462464	0.04014285531236964	0.03813655965568937
M_podarium	0.035485326172371365	0.04424722827490713	0.042086751509701766	0.05170918409220449	0.04762067378725294
M_pseudosasicola	0.04428440222360615	0.10502336136287838	0.14310436232164161	0.23263207610152226	0.1806727470634132
M_radiodurans	0.03798241599943679	0.0458981947562095	0.05102555285083384	0.05719213783430315	0.057366154634867085
M_radiotolerans	0.04506914660006871	0.0701818060590424	0.09100420199127134	0.13408222219967503	0.09751228781683434
M_rhodesianum	0.025100538072019403	0.02961939177048556	0.027988875759818205	0.03648915341449286	0.03512631074444608
M_rhodinum	0.03951107406622279	0.046278302066535035	0.04649232138635685	0.05759413427982776	0.05477155796076029
M_salsuginis	0.03192622976223817	0.039151556612199656	0.03920809546162092	0.04632823375451959	0.04704539430963717
M_segetis	0.03108720046676736	0.03924112337923523	0.04031688747260446	0.04925860566503425	0.04600659964347742
M_soli	0.030278070048111165	0.03503834528278189	0.03970701601724992	0.04599929754841388	0.04136898337807012
M_sp_001	0.024022859455599378	0.03382432776894593	0.03292886288412856	0.04177104352208405	0.04001183056605756
M_sp_002	0.03165115583911657	0.041796703187784674	0.04180396514808609	0.059591253695012975	0.054941832679331656
M_sp_003	0.025210915142155628	0.0398248075042056	0.03850024770846981	0.0616968302389434	0.0714616251490334
M_sp_004	0.041434034355920066	0.04015709499680267	0.039558044399424404	0.053896635999417075	0.08166857391316812
M_sp_005	0.02898006663042137	0.04048469394430476	0.042525756335395265	0.06953219212314973	0.04982607692711817
M_sp_006	0.028531069468176327	0.0330214807443153	0.035109821244155695	0.0736223641962559	0.0468064448491904
M_sp_007	0.023141747618252426	0.026471567406354802	0.027289503717940672	0.03869530117393538	0.039219461140579746
M_sp_008	0.031094526866197056	0.031360046159200496	0.03887649976444903	0.09614075998854012	0.05335439373494342
M_sp_009	0.01912556443617466	0.024444914318471216	0.023878998040625307	0.037931990433364815	0.03206664693195754
M_sp_010	0.03693610718640099	0.03312748778938318	0.0423146106320764	0.3870365724296083	0.1441060023856369
M_sp_011	0.051454639545426756	0.036630335479393435	0.03564699966332373	0.05731117067764926	0.10492201768110127
M_sp_012	0.016343828338722336	0.020521157601703605	0.019434325431471368	0.02564141161736282	0.025880053067114647
M_sp_013	0.0203796090724952	0.02422573241296758	0.024548350606447177	0.028445063909485126	0.031643592856268554
M_sp_014	0.02543704282048624	0.038818208978230004	0.038299554949211605	0.047192127094130766	0.04981396183590232
M_sp_015	0.015213938371034947	0.027649792886748525	0.02364510473856495	0.03316824809852106	0.03285812073351021
M_sp_016	0.012942600511323786	0.01521584198737528	0.01791858036003831	0.020717663295549672	0.020280624750182885
M_sp_017	0.034080235725033534	0.04135711525835828	0.04094806985768451	0.04984362932543634	0.05227636121468758
M_sp_018	0.4945948681131282	0.8673919526368117	0.7250316772599067	0.935403555438755	0.921348001550923
M_sp_019	0.048074352989016744	0.06449957576255215	0.09724710951582191	0.13046071795834263	0.10165323573917022
M_sp_020	0.05005478962338934	0.0817752316229087	0.11425295409627909	0.15073139514168782	0.12448393734434426
M_sp_021	0.3744379940844894	0.8790759877368742	0.9207258203323891	0.9505463601317342	0.9617041625346674
M_sp_022	0.5353436650102552	0.5316832819573756	0.5486326682783605	0.5841159867870221	0.6536525916848616
M_sp_023	0.5263917609741309	0.5197921968580219	0.38874079008808615	0.5971710023212985	0.675415094672866
M_sp_024	0.18156531455136773	0.32753949599952115	0.4240103753067699	0.8200442945789023	0.571368303437818
M_sp_025	0.5972678315849659	0.4498474869873793	0.5312857658757828	0.3580855029602275	0.5430944041339943
M_sp_026	0.4077184640334749	0.746751501643888	0.4702628654375288	0.7914139718851564	0.3647063457866898
M_sp_027	0.11831876450880076	0.16474755531076501	0.19081151570496924	0.26385693075505223	0.2604586293088104
M_sp_028	0.04095130106867188	0.06317536620343048	0.08861666020836138	0.12634591422883892	0.09223175377883862
M_sp_029	0.2666172562472495	0.7057496450636292	0.8247444284751765	0.7435107741299065	0.441775886458957
M_sp_030	0.08889584658726507	0.17111412993533962	0.1637023539627657	0.8129358481221147	0.4532807572096821
M_sp_031	0.029292924526818098	0.052166712278350805	0.07201141235793533	0.10134145535874375	0.07072657840019377
M_sp_032	0.037865825823929736	0.07160875429282457	0.08583528532385344	0.12232909739033576	0.09880236990862118
M_sp_033	0.03484825090996109	0.05901307586571683	0.0652300006724452	0.13557584411593557	0.10685247942561911
M_sp_034	0.04282016485051583	0.06444381251022795	0.17197759682486272	0.1786024306387258	0.1353066543822743
M_sp_035	0.030417906537597104	0.03510721015814711	0.034284761627554	0.04324560483934728	0.04198333277696535
M_sp_036	0.023964013634811984	0.029436658385079018	0.029266356135608435	0.039156607062777925	0.03700381196049595
M_sp_037	0.019511128487847543	0.022463865930713655	0.024200456592957345	0.029337219314316106	0.027996386685022582
M_sp_038	0.03462392236742071	0.03933251330454865	0.03996492763186206	0.05291911121311663	0.049432673963249324
M_sp_039	0.017188631395440617	0.020041249283628288	0.019115199434452418	0.023896787566189313	0.02398189424122938
M_sp_040	0.024504724419855243	0.02950882678722662	0.030853838919303916	0.0422884959045979	0.036618763446102896
M_sp_041	0.030397005320603143	0.03370444364997582	0.0326879350591996	0.04074984753212341	0.038862694790856134
M_sp_042	0.021055972414887516	0.0245401528666018	0.02351579735862327	0.02981443390472835	0.031031772234546076
M_sp_043	0.026250641375126612	0.028367847989089326	0.028051764876349295	0.0330740932136436	0.03618173433948029
M_sp_044	0.031729379186444404	0.035513004029326514	0.035573750892623456	0.04233849573964153	0.04275493487483884
M_sp_045	0.02098179831666174	0.022038779993140696	0.024002160377717994	0.02848853070712417	0.02832238837773751
M_suomiense	0.019813193755076258	0.023789910657882864	0.024892699214872305	0.02890695785578919	0.03023012363505099
M_symbioticum	0.029752433970795803	0.03703431993813933	0.04006007761533121	0.046640751026117575	0.04563507108926783
M_tardum	0.037109809332755664	0.061697255221777644	0.0888713970007318	0.12022776671387535	0.08503227544626767
M_tarhaniae	0.021006840157926733	0.024048249231664636	0.022340920990241344	0.02708242833137622	0.02856698299811358
M_terrae	0.03143215427259017	0.03535527111322274	0.034377453266440594	0.04227528769036699	0.04358915943039271
M_terricola	0.02255755318334169	0.025995636127902427	0.026120488746562268	0.030558408734958468	0.0314368224792631
M_thiocyanatum	0.02969962200356745	0.03514670976921342	0.03417047401460455	0.040949243092448157	0.040391882574055
M_thuringiense	0.04854011745673541	0.04911533598879811	0.12279853586916625	0.1057350647099607	0.07418789679033157
M_trifolii	0.05219961341653787	0.06756804914800568	0.15373820010148784	0.09231210223157046	0.09036020437017497
M_variabile	0.027195842051612944	0.030924823081355874	0.029817506528551	0.03796728533158647	0.0370977679792791
M_zatmanii	0.026678064614560276	0.030477423441415172	0.03082132925866983	0.037538390439765465	0.03611628298568885
