bins	ABBA_M11	ABBA_M12	ABBA_M13	ABBA_M14	ABBA_M15
M_adhaesivum	0.048672481237469735	0.07079822150923729	0.0846478399307006	0.15419757768497763	0.07337514328702684
M_aerolatum	0.08704938551288582	0.11516090244369978	0.18553564271282555	0.2677224357246171	0.11626040845530988
M_ajmalii	0.1035633954135772	0.10093451142900994	0.13711133692160318	0.19663454159588037	0.13795627391518347
M_aminovorans	0.05506161412079243	0.08121575805545635	0.09169106456811693	0.18567687813885372	0.08551635916759084
M_aquaticum	0.06764061374581104	0.059444600537353245	0.08241183256314882	0.11861286666428666	0.08711524044227677
M_brachiatum	0.09083113904918262	0.2809207932958303	0.3450900588477749	0.459729095490125	0.13869821283028821
M_brachythecii	0.09633504465647515	0.12765484639688524	0.14761336052223395	0.2646087035294422	0.13631326642102987
M_bullatum	0.05956516074588167	0.07387599986173893	0.08784425421957044	0.12990589043300874	0.08972509567318518
M_cerastii	0.38706810546147186	1.4954446288672498	0.6631862841889447	1.727027360063423	0.3036192810578809
M_crusticola	0.16223494296440352	0.1647506476900952	0.22821703951010103	0.33995989883569916	0.22573846052809696
M_currus	0.06823599588645	0.067661054326361	0.09317384396785854	0.12827704100703216	0.09396014401298364
M_dankookense	0.105416804193159	0.1600928867634408	0.22738694019661498	0.39015176248579075	0.1662056577815461
M_durans	0.12591982617342148	0.14827760693833208	0.1857500506380393	0.3256612959655293	0.17167348592262507
M_extorquens	0.04518300657543758	0.06996986046851891	0.07905548322452653	0.16886890291746157	0.07156085280324423
M_frigidaeris	0.06561303983368239	0.06689579771185115	0.08396424479039828	0.12173190257807673	0.08609550957838691
M_fujisawaense	0.06849892059179649	0.13078524396785415	0.1672557711438607	0.24742268041237114	0.09572337749766899
M_gnaphalii	0.08640416688442651	0.1203585407928725	0.12850895061164805	0.2380894811396889	0.13034149150904528
M_goesingense	0.06232427278600114	0.09895520692459425	0.10280691124657919	0.169074747359616	0.08600140000622392
M_gossipiicola	0.06379094096676985	0.06992820447083811	0.09077355069060514	0.1343247164700955	0.08418652913868571
M_gregans	0.0841742372242869	0.11270807464444767	0.1639338269405953	0.28020216857373287	0.1247204071084877
M_haplocladii	0.09977594696957408	0.19196168928933943	0.18000224507235815	0.35899550531322977	0.1589547998587205
M_hispanicum	0.10560374693559549	0.1475930666404256	0.20867441831421904	0.3610706235308049	0.15452904430301753
M_indicum	0.08077658519228892	0.07418242965081302	0.10703798136726085	0.14834776533593838	0.1092649452304591
M_iners	0.12493880927675022	0.15841982532118534	0.19278380757887825	0.356650289693717	0.17955223494908387
M_isbiliense	0.15647992183061185	0.15096233579816876	0.2236122731791758	0.30686218385154357	0.21473200921405022
M_jeotgali	0.15612621897401674	0.21857284961861093	0.2740260765361405	0.5448739855337653	0.24368492526496316
M_komagatae	0.055178080190197425	0.060728109967609224	0.08938911871400836	0.12024276995899859	0.06673702265500384
M_longum	0.08660763241833902	0.9126093306221338	0.24314210933473215	0.4816245094221693	0.1069480221162274
M_marchantiae	0.059690883246759634	0.0810664850890901	0.0896004722635123	0.14621553134087772	0.09095948680351588
M_mesophilicum	0.08662554935646327	0.26219380327273867	0.33577567563511135	0.4601743000096875	0.12357467495698612
M_nodulans	0.09067586889137735	0.08960165502473011	0.12125289426816677	0.1653446501207939	0.12105151452276056
M_nonmethylotrophicum	0.09109655370731974	0.09072586514853336	0.11914068186264169	0.15864155093130552	0.12119396192646703
M_organophilum	0.12419945467803811	0.19774915982372152	0.23085527567293365	0.5061618211217146	0.19082820772962175
M_oryzihabitans	0.20236728457895406	0.20311491866647352	0.27916634491490755	0.3971401640008603	0.27015899748746447
M_oxalidis	0.13887731588577262	0.20617929647540928	0.26411873086159554	0.48038499825565945	0.2124514113656852
M_persicinum	0.06711478782758047	0.08393716312898951	0.11807058003134217	0.15011407588479236	0.08576985145189472
M_phyllostachyos	0.10229697328997983	0.2259711729552858	0.15951781582385238	0.22977879138413904	0.10910008003263816
M_planeticum	0.11555652376665129	0.18625382296827425	0.21827451167271136	0.4416572067525916	0.17579969603466497
M_platani	0.10437464140241376	0.10153974507003953	0.13506048642561316	0.18656841152125103	0.13175818527909747
M_podarium	0.0958675481145213	0.1370084896492013	0.16667726371306543	0.3569533636251634	0.14725712277171943
M_pseudosasicola	0.0742481275775984	0.41175178155683106	0.37263838994389853	0.5997544000045579	0.13280426781852656
M_radiodurans	0.11989450682754195	0.15284668199242016	0.2205464380259202	0.37572700302092443	0.1723760965179491
M_radiotolerans	0.11036684441906275	0.19046050867430728	0.268136179884072	0.3897670858994856	0.14921808755042318
M_rhodesianum	0.06594311542258452	0.09622630930366222	0.11018767858993433	0.21388696929029938	0.09649346187902866
M_rhodinum	0.1037523857512337	0.16818921897561512	0.1957333389566586	0.40944670548980827	0.1640483058437818
M_salsuginis	0.08299715258332765	0.13531418413219345	0.15261807744244543	0.2933699464646596	0.12971533534581584
M_segetis	0.08037105712849964	0.12950645225645413	0.1487559496541688	0.31731405327208145	0.12410685791998406
M_soli	0.09038085059817438	0.142708078719703	0.15480844656667386	0.3087390542775466	0.13626176926044783
M_sp_001	0.20006829816918098	0.18392191048075296	0.25556746827832183	0.3053132473152593	0.24033133368228315
M_sp_002	0.0858801387937256	0.13290564966772606	0.15271529602399822	0.2762594937864116	0.12799558315798315
M_sp_003	0.08214938363236797	0.13523122179253827	0.13913630498810456	0.24712013951521727	0.11554193713467538
M_sp_004	0.08164428538778423	0.13754830828429837	0.14823167590028805	0.25017957581882194	0.11791860078981506
M_sp_005	0.08576648837228495	0.11854989562200169	0.1519164347994294	0.23604242430708045	0.12018093394103584
M_sp_006	0.0666393228433195	0.09900322179869939	0.10568915823272058	0.17963366318042698	0.09200981404635385
M_sp_007	0.0548544892365325	0.07957297129990183	0.08707969082220149	0.15644941186231015	0.08685377447294163
M_sp_008	0.06720575008101436	0.10037548303933082	0.10366380662363749	0.17303566669317197	0.09025718010918857
M_sp_009	0.06706887883358471	0.09494049045450914	0.10296518703335636	0.15205029531582584	0.09920976586177246
M_sp_010	0.0564028527874245	0.11899702749057703	0.09019442353711016	0.15733961140234662	0.07446403865142559
M_sp_011	0.08811317489169959	0.11080373495397179	0.1289930796235081	0.2205586931794209	0.12192589161090556
M_sp_012	0.04902305529296299	0.06054247275894805	0.06462105383582512	0.11011406218325817	0.06646896958676293
M_sp_013	0.06544154640653708	0.07808560721995937	0.08838645243675344	0.14479383196886916	0.08879717433622647
M_sp_014	0.058022241221371854	0.1481165960127057	0.10840444091449107	0.180290033057682	0.09043856716390024
M_sp_015	0.03099208943466436	0.08654554985139379	0.05763881412520592	0.09458905701266024	0.047896980408672865
M_sp_016	0.03354751615798246	0.04292423659660475	0.05309829784987594	0.0827910887878308	0.050377459520200306
M_sp_017	0.13055234816293065	0.16671775059584204	0.1996020389892293	0.3438752463135428	0.18209767815688585
M_sp_018	0.9389042768839678	9.770916203963266	4.095816228931184	5.431344785740569	0.9355872646719775
M_sp_019	0.10447126719921174	0.19928086865061212	0.2105647245584607	0.303289345579524	0.12407299230116557
M_sp_020	0.098760911594118	0.33286504595393723	0.20580378439969343	0.2799500167985643	0.1359180206150068
M_sp_021	0.22433756579691233	18.8178770273803	3.6370832082030717	4.336694962309685	0.2679945237956347
M_sp_022	2.2589353198229314	1.3670409205275535	4.064928942559473	4.021142767910992	5.184262980098925
M_sp_023	0.9240147326478085	0.7632084335694529	0.7441248290189898	0.8621306638668428	1.7344303462300685
M_sp_024	0.2562493266026856	2.595952672639119	8.820527624254275	14.648553243280992	0.8722593826692472
M_sp_025	1.144229144928987	0.9178571668264314	0.6060313502381619	1.0089819961676474	2.265035786759663
M_sp_026	0.6799447175428113	0.8846958940136679	4.063870645012191	3.9260891433424474	3.259418116700616
M_sp_027	0.2764594889383183	1.2460288871332534	0.3417932166874321	0.5365324474792605	0.433365124334443
M_sp_028	0.09153078187932888	0.16863769082540062	0.23820269111303125	0.3722229408932201	0.13160634259114606
M_sp_029	0.2761532360231507	1.6275961011801965	0.916544685950098	3.773359049667573	0.8890893381290387
M_sp_030	0.09829599446164343	1.1033943715516266	0.5559563935032008	1.4962966915929257	0.21283414821165833
M_sp_031	0.06445906115425871	0.11819355711369263	0.14037955212471806	0.2259588676978053	0.08678991258284811
M_sp_032	0.06640100143451572	0.21677610090750618	0.2539480273854265	0.3713432963375922	0.11132189579296416
M_sp_033	0.09772074891610476	0.16933409518743375	0.21962210083146533	0.3034745130125657	0.1252925042647676
M_sp_034	0.1245408203741042	0.37778089912400886	0.7528972629540872	0.5462255195221044	0.1748862614222429
M_sp_035	0.07431807342847031	0.12013585530059585	0.13510527751146947	0.2862376620519359	0.11774171602236326
M_sp_036	0.050452943229166075	0.08073029097952462	0.09037847349189479	0.18206221784790358	0.08152579424070827
M_sp_037	0.04214528807028604	0.06489640959926557	0.07294545122852342	0.14608878147352192	0.06832416702313088
M_sp_038	0.11071858907233945	0.14217936396367967	0.18363934990604336	0.3421732675397702	0.1546234203089811
M_sp_039	0.0352254125786293	0.0524600290323577	0.06558430193652003	0.12706649645331658	0.05730836413302722
M_sp_040	0.052978047244555744	0.08777298066904486	0.0997884342887188	0.1759985255052234	0.08435624622491117
M_sp_041	0.0725494731971988	0.0967061050240794	0.11609042922336019	0.22811196399655106	0.10001623520010094
M_sp_042	0.07194453391286455	0.06745361520032223	0.09154190584993467	0.1293841561775684	0.09356519961618608
M_sp_043	0.0802708960665841	0.07752305167546213	0.10432851979103666	0.139030410466325	0.10215307929605173
M_sp_044	0.1718342644621156	0.16510157327913508	0.22251937921875656	0.29390986845719125	0.22001751319143986
M_sp_045	0.0636478077981144	0.06104992194606994	0.08685630890553213	0.11469279689930945	0.08484097607827361
M_suomiense	0.05384351592816533	0.07787762837289053	0.08916253045753993	0.1753471708329573	0.08139319555996752
M_symbioticum	0.08022559207062327	0.11825259738967334	0.15933365233049138	0.27002654343660604	0.12223534654095612
M_tardum	0.07843956500052791	0.17690352317533595	0.19996373790808505	0.2975887165185479	0.10448098970753676
M_tarhaniae	0.11533887189510272	0.11615706395574774	0.14291625219836399	0.1919677097310028	0.1430685335262933
M_terrae	0.11056805927010588	0.1097635420307521	0.15076000754214627	0.21090132217978413	0.15508343580461947
M_terricola	0.07869982572708234	0.07899893856222366	0.1033674262693212	0.14647955624102424	0.10484317660117133
M_thiocyanatum	0.07379008742866512	0.10610400381467112	0.12450220097565445	0.25377684413242135	0.11202108669229956
M_thuringiense	0.11421337803667804	0.22398856700063893	0.2001208213814761	0.41727962417923026	0.1724453329980016
M_trifolii	0.1520861174702412	0.45339461339716997	0.39835798868139405	0.6824203301066397	0.2408912724328805
M_variabile	0.10625526630983582	0.1015682590926779	0.13912796670210206	0.19197129254177842	0.13683220049764366
M_zatmanii	0.06318917385258804	0.09409189865521832	0.11100751288585972	0.23005216065628725	0.10362212099428322
